"","Group.1","a1","a2","a3","a4","a5","a6","b1","b2","b3","b4","b5","b6","b7","b8","b9","c1","c2","c3","c4","c5","c6","c7","c8","c9"
"1",0,3.472731301125,5.64393246025,2.60677100457143,2.3726559025,6.11524701525,6.376444545,6.293905848375,5.369986868125,5.81987928475,6.54997468825,6.8371552855,5.7435410795,5.6372398505,5.434333935875,6.640258130875,2.77068395257143,2.66715723228571,2.69068724471429,2.906876875,2.16016414833333,2.52229101866667,3.31484540914286,3.20062718614286,2.42590803471429
"2",5,4.23252550885714,7.52213769771429,2.738925804,2.670740845,7.750000416625,6.40266855942857,8.280525476125,7.607300094,5.39637990675,7.211690486625,8.80477197242857,7.485937069875,7.881823376,8.289513218375,8.360152721625,2.72203571685714,2.38628655014286,3.516213368,4.07791040333333,2.555985816,3.29566910842857,3.736722082,3.74804237925,2.774545383
"3",15,2.08144643922222,4.83357248633333,2.57478940922222,2.41342972166667,5.37163791466667,4.97535258688889,5.05626965777778,5.15979509966667,4.833236187,5.18386784822222,5.82406242922222,5.55425011188889,5.25865985277778,5.57296316755556,5.46662808511111,1.68630475144444,1.68630475144444,1.69105055255556,1.93230288211111,1.61392315122222,1.647053752,2.12774014788889,2.22082254166667,1.96343067822222
"4",25,4.03559880561111,8.53673266923809,4.80391568666667,2.91789978109524,8.25814902590476,8.02618081528571,7.69765832728571,8.097368443,7.25634794738095,7.20718855695238,8.46184316542857,7.87835011738095,7.6171823447,7.81881483766667,8.94360649861905,2.6592647051,2.88863229485714,3.01867334985,3.13829623709524,1.9701964208,3.17716982980952,3.27688276380952,3.54366939866667,3.0176568122381
"5",35,3.68706688288235,8.211718108,4.76855963258823,2.58937460729412,7.86376371594118,8.39845434441176,8.61329595458824,8.10158563805882,7.85999125170588,8.41534894164706,8.75506064147059,7.40897081794118,6.73770021176471,7.52716938329412,7.98650524623529,2.48302721811765,2.17766298688235,2.77471310241176,3.31425134711765,2.581221806,2.72304262994118,3.40002271782353,3.57622895835294,2.40732787352941
"6",45,2.31193632733333,4.86080635,2.29615330383333,1.8584616645,4.500789846,5.42550200283333,4.92299547116667,5.38165500966667,4.30083916083333,4.86932269916667,4.77442696033333,4.71443535666667,3.957206449,4.90571273416667,4.7793797485,1.7896735998,1.8115741302,1.64577606533333,1.8571577545,1.7574900412,1.9615230225,1.7506017005,2.34477487016667,1.64006056333333
"7",55,3.19309690385714,5.93110637571429,3.46010070442857,2.08213347628571,5.53848650728571,6.15191475371429,6.16453164814286,5.62199662114286,5.58424396828571,5.99578752728571,6.39377370771429,5.20033701185714,5.65419711,5.58745829585714,5.63690077042857,2.07194895628571,2.01686201942857,2.32584675128571,2.26209267242857,1.91554916542857,1.96332131685714,2.38932826571429,2.55435725414286,2.13411885642857
"8",65,2.12567079866667,4.0734139155,2.34360621266667,0.737742930666667,3.60938122733333,4.70340772866667,4.36829957866667,4.33088072716667,4.0772731105,4.42956860666667,4.04517569266667,4.90664007933333,3.54424364816667,4.148058655,4.435216572,1.06732146683333,1.11059633116667,1.53162686533333,2.06779733616667,0.887967974,1.28026067433333,2.03711637316667,1.70168182416667,1.00784898133333
"9",75,2.9313537676,8.2830033824,2.987063642,0.6586954736,6.7320306642,8.4360179852,7.5326628912,7.1746223852,7.3563297572,8.9312272626,9.0181071098,6.3819378358,8.417648238,8.5228978324,8.4201721538,2.599578351,3.1026857822,2.9471967874,2.9471967874,2.8602674164,3.2790189162,3.913690555,3.826761184,2.9471967874
"10",85,3.5567894784,5.060765775,2.1203493606,1.8685027056,6.763814033,6.725509362,6.0501575674,6.681206893,6.4699264948,6.1901655746,6.8250484644,5.3006642556,6.4674098148,6.9010017692,7.0853122454,1.9627052154,2.106194699,2.6675921088,2.7730805124,1.8016280906,2.6675921088,2.6675921088,2.8603685662,1.8952178918
"11",95,2.223605312,8.894421248,0,0,8.894421248,8.894421248,10.006223904,8.894421248,8.894421248,10.006223904,11.11802656,7.782618592,11.11802656,11.11802656,11.11802656,2.223605312,1.111802656,1.111802656,3.335407968,1.111802656,2.223605312,3.335407968,4.447210624,1.111802656
"12",125,2.387349652,3.581024478,2.387349652,4.774699304,4.177861891,4.177861891,4.774699304,2.984187065,4.774699304,3.581024478,4.177861891,0.596837413,2.387349652,4.177861891,4.177861891,0.596837413,0.596837413,1.790512239,1.790512239,0.596837413,1.193674826,1.790512239,1.790512239,0.596837413
"13",175,3.545195525,7.4282536735,6.900638577,4.5055494815,6.9955148135,7.52312991,8.145621243,6.467899717,7.6180061465,7.4282536735,6.9955148135,4.5055494815,7.712882383,7.09039105,6.088394771,1.7725977625,2.300212859,1.7725977625,1.7725977625,1.1501064295,2.300212859,2.300212859,2.922704192,1.1501064295
